experiment is 1 with test_case = True, packet_loss = False, periodic_generation = False, RB_total_UL = 5, RB_total_DL = 10
passed arguments are [('RP', 14, 'random')]

simulation will run for T=5 steps

adj_matrix = 
 [[0. 1. 0. 0. 0. 0. 0. 0. 0. 0. 0. 0. 0. 1.]
 [1. 0. 1. 0. 0. 0. 0. 0. 0. 0. 0. 0. 0. 0.]
 [0. 1. 0. 1. 0. 0. 0. 0. 0. 0. 0. 0. 0. 0.]
 [0. 0. 1. 0. 1. 0. 0. 0. 0. 0. 0. 0. 0. 0.]
 [0. 0. 0. 1. 0. 1. 0. 0. 0. 0. 0. 0. 0. 0.]
 [0. 0. 0. 0. 1. 0. 1. 0. 0. 0. 0. 0. 0. 0.]
 [0. 0. 0. 0. 0. 1. 0. 1. 0. 0. 0. 0. 0. 0.]
 [0. 0. 0. 0. 0. 0. 1. 0. 1. 0. 0. 0. 0. 0.]
 [0. 0. 0. 0. 0. 0. 0. 1. 0. 1. 0. 0. 0. 0.]
 [0. 0. 0. 0. 0. 0. 0. 0. 1. 0. 1. 0. 0. 0.]
 [0. 0. 0. 0. 0. 0. 0. 0. 0. 1. 0. 1. 0. 0.]
 [0. 0. 0. 0. 0. 0. 0. 0. 0. 0. 1. 0. 1. 0.]
 [0. 0. 0. 0. 0. 0. 0. 0. 0. 0. 0. 1. 0. 1.]
 [1. 0. 0. 0. 0. 0. 0. 0. 0. 0. 0. 0. 1. 0.]]
BS_location = [500.0, 500.0], user_locations = {10: [276.68, 172.66], 11: [106.18, 214.4], 12: [927.48, 828.92], 13: [806.65, 800.45], 14: [193.44, 309.85], 15: [626.98, 731.89], 16: [854.65, 880.05], 17: [86.72, 605.85], 18: [671.7, 505.95], 19: [177.79, 473.59], 20: [89.35, 934.59], 21: [865.48, 547.64], 22: [300.25, 908.87], 23: [572.37, 882.32]}, max distance = 427.09510697267416, min distance = 69.6785253862336
random ep = 2, 0.01 seconds from start, rate = 203.69 eps/sec, finish_time = 2022-02-08 12:52:30.603633 
random ep = 4, 0.02 seconds from start, rate = 207.93 eps/sec, finish_time = 2022-02-08 12:52:30.602619 
random ep = 6, 0.03 seconds from start, rate = 210.54 eps/sec, finish_time = 2022-02-08 12:52:30.602023 
random ep = 8, 0.04 seconds from start, rate = 211.29 eps/sec, finish_time = 2022-02-08 12:52:30.601855 

random scheduling  RP  placement,  14  . MEAN of final_step_rewards =  71.8391362 . MEAN of overall_ep_reward =  238.41923429999997  MIN and MAX of overall_ep_reward =  231.14165 ,  250.09857200000002  ... MEAN of overall_ep_peak_reward =  10.0  MIN and MAX of overall_ep_peak_reward =  10.0 ,  10.0 . Similarly for final_step_UAV_rewards - MEAN =  {17.149797000000003} , MIN and MAX of final_step_UAV_rewards =  16.04819 ,  21.035049  end with final state of  [1 0 0 0 0 0 0 0 0 0 0 0 0 0 0 0 0 0 0 0 0 0 0 0 0 0 0 0 0 0 0 0 0 0 0 0 0
 0 0 0 0 0 0]  with shape  (43,) , min PDR_upload =  {1.0} , max PDR_upload =  {1.0} , min PDR_download =  {1.0} , max PDR_upload =  {1.0} , max_total_packet_lost_upload =  0 , min_total_packet_lost_upload =  0 , max_total_packet_lost_download =  0 , min_total_packet_lost_download =  0
numerology = 0, age_dist_UAV = {10: [0.0029209999999997294, 2.008762, 0.0029209999999997294, 4, 1.0029210000000002, 4, 2.004381, 1.008762, 2.004381, 1.0029210000000002], 11: [4, 3.0021899999999997, 2.004381, 0.008761999999999937, 0.0029209999999997294, 0.004381000000000412, 0.002189999999999692, 0.008761999999999937, 4, 1.0021900000000001], 12: [0.008761999999999937, 1.0029210000000002, 1.0029210000000002, 2.00219, 2.004381, 0.004381000000000412, 0.0029209999999997294, 1.008762, 1.0029210000000002, 0.0029209999999997294], 13: [2.008762, 2.00219, 2.008762, 0.0029209999999997294, 0.008761999999999937, 0.008761999999999937, 1.008762, 4, 0.0029209999999997294, 0.002189999999999692], 14: [1.004381, 1.004381, 3.004381, 1.0029210000000002, 3.0021899999999997, 1.004381, 1.0029210000000002, 1.008762, 1.004381, 0.008761999999999937], 15: [0.002189999999999692, 1.008762, 0.0029209999999997294, 1.008762, 0.004381000000000412, 1.008762, 1.0029210000000002, 3.004381, 1.004381, 1.008762], 16: [3.0021899999999997, 3.004381, 2.004381, 1.0029210000000002, 2.008762, 2.002921, 4, 0.008761999999999937, 0.0029209999999997294, 3.008762], 17: [1.0029210000000002, 0.008761999999999937, 1.004381, 0.008761999999999937, 2.008762, 2.002921, 0.0029209999999997294, 4, 0.004381000000000412, 4], 18: [3.0021899999999997, 3.004381, 0.008761999999999937, 1.0029210000000002, 2.002921, 0.008761999999999937, 0.0029209999999997294, 0.0029209999999997294, 2.002921, 1.0021900000000001], 19: [0.004381000000000412, 0.008761999999999937, 0.004381000000000412, 0.0029209999999997294, 1.004381, 1.008762, 4, 2.008762, 1.008762, 4], 20: [2.004381, 0.008761999999999937, 0.0029209999999997294, 0.008761999999999937, 0.0029209999999997294, 4, 0.004381000000000412, 1.0029210000000002, 0.004381000000000412, 2.002921], 21: [2.008762, 0.002189999999999692, 1.0029210000000002, 2.00219, 4, 3.008762, 2.008762, 4, 4, 0.004381000000000412], 22: [3.008762, 4, 2.004381, 4, 0.008761999999999937, 0.004381000000000412, 2.002921, 0.004381000000000412, 0.0029209999999997294, 3.0021899999999997], 23: [0.004381000000000412, 0.008761999999999937, 1.008762, 4, 3.004381, 4, 3.0021899999999997, 0.0029209999999997294, 4, 0.004381000000000412]}, age_dist_dest = {(10, 11): [4.0, 2.008762, 4.0, 4.0, 4.0, 4.0, 2.0029209999999997, 4.0, 4.0, 4.0], (10, 23): [1.0021899999999997, 3.008762, 4.0, 4.0, 1.0021899999999997, 4.0, 2.0021899999999997, 4.0, 2.0043810000000004, 4.0], (11, 10): [4.0, 4.0, 4.0, 2.008762, 1.008762, 2.0029209999999997, 4.0, 4.0, 4.0, 4.0], (11, 12): [4.0, 4.0, 2.00219, 4.0, 1.0043810000000004, 2.008762, 4.0, 4.0, 4.0, 3.00219], (12, 11): [4.0, 4.0, 4.0, 2.0029209999999997, 4.0, 2.0029209999999997, 2.00219, 4.0, 4.0, 2.0021899999999997], (12, 13): [1.008762, 1.0043810000000004, 3.00219, 2.0043810000000004, 2.002921, 2.0043810000000004, 2.0043810000000004, 1.0021899999999997, 1.0021899999999997, 2.008762], (13, 12): [3.004381, 2.0043810000000004, 4.0, 4.0, 4.0, 3.00219, 4.0, 4.0, 4.0, 4.0], (13, 14): [4.0, 4.0, 4.0, 4.0, 4.0, 4.0, 1.0043810000000004, 4.0, 4.0, 4.0], (14, 13): [4.0, 1.0021899999999997, 3.008762, 4.0, 3.008762, 3.008762, 4.0, 4.0, 3.002921, 2.0029209999999997], (14, 15): [1.008762, 4.0, 3.0029209999999997, 1.0043810000000004, 3.008762, 1.0029209999999997, 3.008762, 4.0, 1.0021899999999997, 4.0], (15, 14): [2.008762, 4.0, 4.0, 4.0, 4.0, 1.0043810000000004, 1.0043810000000004, 3.008762, 1.0021899999999997, 1.0021899999999997], (15, 16): [1.0043810000000004, 4.0, 4.0, 3.00219, 4.0, 4.0, 4.0, 3.002921, 4.0, 1.0021899999999997], (16, 15): [4.0, 3.0021899999999997, 2.0043810000000004, 1.008762, 2.00219, 2.004381, 4.0, 4.0, 4.0, 3.00219], (16, 17): [3.002921, 3.00219, 4.0, 3.00219, 4.0, 4.0, 4.0, 4.0, 4.0, 3.00219], (17, 16): [1.0043810000000004, 4.0, 1.0043810000000004, 4.0, 2.002921, 4.0, 3.00219, 4.0, 4.0, 4.0], (17, 18): [4.0, 2.00219, 4.0, 4.0, 2.0043810000000004, 4.0, 3.002921, 4.0, 4.0, 4.0], (18, 17): [4.0, 3.008762, 3.0043810000000004, 4.0, 2.008762, 2.004381, 4.0, 2.008762, 2.008762, 4.0], (18, 19): [4.0, 4.0, 3.00219, 1.008762, 2.004381, 4.0, 4.0, 2.0029209999999997, 4.0, 1.008762], (19, 18): [4.0, 4.0, 3.0029209999999997, 2.0043810000000004, 4.0, 1.008762, 4.0, 4.0, 3.004381, 4.0], (19, 20): [4.0, 1.0029209999999997, 3.008762, 2.008762, 1.0043810000000004, 3.002921, 4.0, 2.004381, 3.004381, 4.0], (20, 19): [4.0, 4.0, 4.0, 3.00219, 4.0, 4.0, 3.0043810000000004, 1.008762, 2.008762, 2.00219], (20, 21): [2.00219, 4.0, 4.0, 3.004381, 1.008762, 4.0, 4.0, 1.0043810000000004, 2.008762, 2.00219], (21, 20): [2.004381, 4.0, 1.0043810000000004, 2.004381, 4.0, 3.008762, 4.0, 4.0, 4.0, 1.0021899999999997], (21, 22): [2.008762, 2.008762, 4.0, 4.0, 4.0, 3.0029209999999997, 2.0043810000000004, 4.0, 4.0, 4.0], (22, 21): [3.002921, 4.0, 4.0, 4.0, 4.0, 4.0, 2.008762, 4.0, 4.0, 3.002921], (22, 23): [3.0043810000000004, 4.0, 2.0029209999999997, 4.0, 4.0, 1.0043810000000004, 2.008762, 2.0043810000000004, 4.0, 3.0029209999999997], (23, 10): [3.008762, 1.0021899999999997, 4.0, 4.0, 4.0, 4.0, 4.0, 2.008762, 4.0, 4.0], (23, 22): [3.008762, 1.0043810000000004, 1.0021899999999997, 4.0, 3.00219, 4.0, 3.004381, 2.004381, 4.0, 4.0]}
experiment is 1 with test_case = True, packet_loss = False, periodic_generation = False, RB_total_UL = 5, RB_total_DL = 10
passed arguments are [('RP', 14, 'random')]

simulation will run for T=5 steps

adj_matrix = 
 [[0. 1. 0. 0. 0. 0. 0. 0. 0. 0. 0. 0. 0. 1.]
 [1. 0. 1. 0. 0. 0. 0. 0. 0. 0. 0. 0. 0. 0.]
 [0. 1. 0. 1. 0. 0. 0. 0. 0. 0. 0. 0. 0. 0.]
 [0. 0. 1. 0. 1. 0. 0. 0. 0. 0. 0. 0. 0. 0.]
 [0. 0. 0. 1. 0. 1. 0. 0. 0. 0. 0. 0. 0. 0.]
 [0. 0. 0. 0. 1. 0. 1. 0. 0. 0. 0. 0. 0. 0.]
 [0. 0. 0. 0. 0. 1. 0. 1. 0. 0. 0. 0. 0. 0.]
 [0. 0. 0. 0. 0. 0. 1. 0. 1. 0. 0. 0. 0. 0.]
 [0. 0. 0. 0. 0. 0. 0. 1. 0. 1. 0. 0. 0. 0.]
 [0. 0. 0. 0. 0. 0. 0. 0. 1. 0. 1. 0. 0. 0.]
 [0. 0. 0. 0. 0. 0. 0. 0. 0. 1. 0. 1. 0. 0.]
 [0. 0. 0. 0. 0. 0. 0. 0. 0. 0. 1. 0. 1. 0.]
 [0. 0. 0. 0. 0. 0. 0. 0. 0. 0. 0. 1. 0. 1.]
 [1. 0. 0. 0. 0. 0. 0. 0. 0. 0. 0. 0. 1. 0.]]
BS_location = [500.0, 500.0], user_locations = {10: [276.68, 172.66], 11: [106.18, 214.4], 12: [927.48, 828.92], 13: [806.65, 800.45], 14: [193.44, 309.85], 15: [626.98, 731.89], 16: [854.65, 880.05], 17: [86.72, 605.85], 18: [671.7, 505.95], 19: [177.79, 473.59], 20: [89.35, 934.59], 21: [865.48, 547.64], 22: [300.25, 908.87], 23: [572.37, 882.32]}, max distance = 427.09510697267416, min distance = 69.6785253862336
random ep = 2, 0.04 seconds from start, rate = 48.55 eps/sec, finish_time = 2022-02-08 12:52:43.043484 
random ep = 4, 0.09 seconds from start, rate = 43.64 eps/sec, finish_time = 2022-02-08 12:52:43.066636 
random ep = 6, 0.14 seconds from start, rate = 42.77 eps/sec, finish_time = 2022-02-08 12:52:43.071320 
random ep = 8, 0.18 seconds from start, rate = 43.37 eps/sec, finish_time = 2022-02-08 12:52:43.068078 

random scheduling  RP  placement,  14  . MEAN of final_step_rewards =  67.6559555 . MEAN of overall_ep_reward =  838.8182125999999  MIN and MAX of overall_ep_reward =  808.863381 ,  877.62837  ... MEAN of overall_ep_peak_reward =  80.46604260000001  MIN and MAX of overall_ep_peak_reward =  77.008578 ,  85.508035 . Similarly for final_step_UAV_rewards - MEAN =  {23.6166456} , MIN and MAX of final_step_UAV_rewards =  17.012778 ,  33.02007599999999  end with final state of  [1 0 0 0 0 0 0 0 0 0 0 0 0 0 0 0 0 0 0 0 0 0 0 0 0 0 0 0 0 0 0 0 0 0 0 0 0
 0 0 0 0 0 0]  with shape  (43,) , min PDR_upload =  {1.0} , max PDR_upload =  {1.0} , min PDR_download =  {1.0} , max PDR_upload =  {1.0} , max_total_packet_lost_upload =  0 , min_total_packet_lost_upload =  0 , max_total_packet_lost_download =  0 , min_total_packet_lost_download =  0
numerology = 2, age_dist_UAV = {10: [0.002189999999999692, 1.0021899999999997, 6.002190000000001, 0.0010950000000002902, 0.0007299999999998974, 1.00073, 1.0005480000000002, 0.002189999999999692, 2.0021899999999997, 0.002189999999999692], 11: [4.00073, 0.002189999999999692, 1.0005480000000002, 0.002189999999999692, 1.0010950000000003, 2.0021899999999997, 0.0007299999999998974, 1.00073, 1.0021899999999997, 1.0010950000000003], 12: [1.0021899999999997, 0.0010950000000002902, 0.0007299999999998974, 0.0010950000000002902, 8.00073, 3.00073, 4.000548, 0.0010950000000002902, 0.000548000000000215, 0.002189999999999692], 13: [0.0010950000000002902, 3.00073, 0.0010950000000002902, 1.0010950000000003, 1.0005480000000002, 0.0010950000000002902, 0.0010950000000002902, 2.0010950000000003, 4.001094999999999, 1.00073], 14: [1.0021899999999997, 0.0007299999999998974, 2.0021899999999997, 2.0021899999999997, 0.002189999999999692, 0.0007299999999998974, 7.001094999999999, 1.0010950000000003, 0.000548000000000215, 1.0021899999999997], 15: [5.002190000000001, 4.000548, 1.0010950000000003, 3.000548, 4.001094999999999, 2.000548, 1.0021899999999997, 4.000548, 0.002189999999999692, 0.0010950000000002902], 16: [1.0010950000000003, 1.0021899999999997, 0.002189999999999692, 6.00073, 3.0010950000000003, 4.001094999999999, 4.00073, 3.000548, 1.0010950000000003, 0.000548000000000215], 17: [7.00073, 2.0010950000000003, 2.00073, 2.0021899999999997, 5.002190000000001, 8.001095, 0.0010950000000002902, 0.002189999999999692, 0.002189999999999692, 7.001094999999999], 18: [1.00073, 3.0021899999999997, 0.002189999999999692, 2.0010950000000003, 0.0007299999999998974, 0.0007299999999998974, 0.002189999999999692, 0.002189999999999692, 1.0010950000000003, 4.000548], 19: [0.0007299999999998974, 3.00073, 2.0021899999999997, 1.00073, 1.0005480000000002, 0.0007299999999998974, 1.0010950000000003, 0.0007299999999998974, 3.000548, 0.000548000000000215], 20: [0.0007299999999998974, 0.0010950000000002902, 0.0010950000000002902, 0.0007299999999998974, 0.0010950000000002902, 3.0010950000000003, 3.0021899999999997, 3.000548, 2.00073, 2.00073], 21: [4.000548, 4.002190000000001, 4.000548, 4.000548, 4.000548, 1.0010950000000003, 2.0010950000000003, 3.000548, 2.0021899999999997, 3.0010950000000003], 22: [4.000548, 4.000548, 1.0010950000000003, 0.002189999999999692, 1.0005480000000002, 0.0007299999999998974, 0.002189999999999692, 1.0021899999999997, 1.0005480000000002, 3.00073], 23: [0.000548000000000215, 0.002189999999999692, 6.00073, 2.0010950000000003, 0.000548000000000215, 1.0021899999999997, 1.0021899999999997, 2.00073, 0.0010950000000002902, 4.002190000000001]}, age_dist_dest = {(10, 11): [0.5021899999999997, 1.2505480000000002, 1.50073, 2.75073, 0.5021899999999997, 0.2521899999999997, 2.5010950000000003, 6.752190000000001, 4.75073, 0.2507299999999999], (10, 23): [8.50073, 3.000548, 2.250548, 2.0010950000000003, 1.2521899999999997, 5.50073, 0.2521899999999997, 2.5021899999999997, 0.5005480000000002, 0.2505480000000002], (11, 10): [1.75073, 4.250548, 1.2510950000000003, 7.250548, 0.2507299999999999, 1.2505480000000002, 3.500548, 0.2505480000000002, 6.252190000000001, 1.5021899999999997], (11, 12): [2.5010950000000003, 0.5007299999999999, 9.501095, 2.50073, 5.501094999999999, 0.5021899999999997, 4.252190000000001, 2.000548, 0.2505480000000002, 0.2505480000000002], (12, 11): [3.2521899999999997, 1.2521899999999997, 0.2505480000000002, 0.2505480000000002, 3.5021899999999997, 0.7510950000000003, 1.0005480000000002, 2.7510950000000003, 1.7521899999999997, 1.5021899999999997], (12, 13): [0.2505480000000002, 3.2521899999999997, 0.2521899999999997, 0.2507299999999999, 2.00073, 10.501095, 3.2510950000000003, 2.75073, 1.75073, 5.25073], (13, 12): [3.250548, 5.500548, 6.000548, 2.2521899999999997, 0.2521899999999997, 2.500548, 0.7505480000000002, 0.5021899999999997, 2.5021899999999997, 2.7510950000000003], (13, 14): [3.25073, 1.5021899999999997, 2.25073, 2.2521899999999997, 4.501094999999999, 1.7510950000000003, 0.7505480000000002, 3.75073, 1.75073, 3.500548], (14, 13): [1.5005480000000002, 4.752190000000001, 3.500548, 9.25073, 2.7521899999999997, 1.5010950000000003, 2.500548, 0.2505480000000002, 6.75073, 5.25073], (14, 15): [4.500548, 0.5010950000000003, 0.5005480000000002, 0.5005480000000002, 2.7510950000000003, 1.5005480000000002, 2.5010950000000003, 0.2521899999999997, 0.5005480000000002, 3.7521899999999997], (15, 14): [1.25073, 1.00073, 0.2510950000000003, 1.50073, 1.7510950000000003, 1.2505480000000002, 2.2510950000000003, 1.7510950000000003, 2.0010950000000003, 1.2505480000000002], (15, 16): [3.5021899999999997, 1.0005480000000002, 2.2510950000000003, 0.7510950000000003, 1.7521899999999997, 1.25073, 2.250548, 5.752190000000001, 3.50073, 3.5021899999999997], (16, 15): [0.2510950000000003, 0.2510950000000003, 3.250548, 2.25073, 0.7510950000000003, 4.252190000000001, 1.0021899999999997, 6.250548, 4.75073, 1.2521899999999997], (16, 17): [5.50073, 0.2505480000000002, 3.25073, 3.0010950000000003, 1.5021899999999997, 6.25073, 4.501094999999999, 2.25073, 0.2521899999999997, 3.7521899999999997], (17, 16): [1.7521899999999997, 0.5007299999999999, 1.2505480000000002, 0.5021899999999997, 2.0021899999999997, 3.500548, 4.00073, 1.7521899999999997, 1.50073, 4.001095], (17, 18): [1.7505480000000002, 4.75, 5.500548, 5.50073, 2.00073, 2.0021899999999997, 3.25073, 1.0005480000000002, 4.500548, 1.7510950000000003], (18, 17): [1.5005480000000002, 1.5005480000000002, 0.7521899999999997, 4.501095, 3.250548, 1.7510950000000003, 2.7521899999999997, 4.250548, 3.2521899999999997, 1.7510950000000003], (18, 19): [0.2510950000000003, 1.50073, 0.7521899999999997, 0.5021899999999997, 7.50073, 1.7521899999999997, 2.0010950000000003, 1.50073, 0.2507299999999999, 2.5010950000000003], (19, 18): [4.250548, 3.7510950000000003, 2.7510950000000003, 0.2510950000000003, 0.2505480000000002, 0.2521899999999997, 1.50073, 0.5021899999999997, 2.25073, 0.5005480000000002], (19, 20): [3.25073, 2.2521899999999997, 0.5007299999999999, 1.5005480000000002, 2.7521899999999997, 3.2521899999999997, 6.501094999999999, 2.75073, 2.2521899999999997, 2.5021899999999997], (20, 19): [4.251094999999999, 2.750548, 1.50073, 0.2507299999999999, 9.50073, 1.50073, 1.5021899999999997, 1.5005480000000002, 1.2505480000000002, 0.5007299999999999], (20, 21): [4.251094999999999, 0.2505480000000002, 1.5005480000000002, 3.750548, 0.2521899999999997, 3.7510950000000003, 1.50073, 2.2521899999999997, 0.5007299999999999, 0.5021899999999997], (21, 20): [1.00073, 1.7510950000000003, 6.25073, 1.00073, 5.001094999999999, 0.2505480000000002, 0.5021899999999997, 0.7507299999999999, 0.5010950000000003, 1.50073], (21, 22): [1.7521899999999997, 1.0021899999999997, 1.00073, 1.0005480000000002, 1.0010950000000003, 2.25073, 0.5021899999999997, 5.25073, 0.5007299999999999, 4.750548], (22, 21): [1.00073, 5.752190000000001, 4.502190000000001, 1.2505480000000002, 0.2510950000000003, 0.5005480000000002, 2.5021899999999997, 0.2521899999999997, 0.2521899999999997, 0.7521899999999997], (22, 23): [8.25073, 1.75073, 4.501094999999999, 1.2521899999999997, 1.2521899999999997, 2.25073, 2.5021899999999997, 2.7521899999999997, 4.252190000000001, 1.5005480000000002], (23, 10): [2.5021899999999997, 2.2510950000000003, 4.500548, 5.50073, 0.7510950000000003, 1.2505480000000002, 0.2521899999999997, 0.5021899999999997, 2.250548, 1.0010950000000003], (23, 22): [1.75073, 0.2505480000000002, 3.0010950000000003, 4.25073, 4.25073, 0.2507299999999999, 4.250548, 0.5007299999999999, 1.50073, 6.25073]}
